50 4
32 7
75 13
59 25
57 3
65 19
60 13
67 6
48 15
80 11
5 5
76 24
28 10
3 25
30 18
48 18
76 17
58 14
32 16
63 5
17 22
13 5
17 13
24 20
6 24
57 10
39 1
6 4
67 17
69 9
65 0
59 10
46 25
24 0
14 16
15 18
55 13
15 14
52 19
35 21
46 6
29 14
79 13
31 25
36 10
75 22
47 16
78 15
15 1
56 0
34 12
15 10
36 13
79 8
15 17
32 10
64 6
30 10
37 2
60 9
1 7
58 17
10 25
48 22
41 10
14 6
66 7
20 4
69 25
33 10
44 18
51 12
38 8
75 22
31 12
22 0
33 20
42 12
33 18
15 14
22 6
69 21
48 7
12 19
22 15
11 5
76 14
70 25
28 13
0 6
61 12
31 19
42 25
29 6
75 12
50 1
23 12
46 7
39 23
78 21
10 21
49 11
11 2
8 15
19 12
28 7
4 3
64 3
23 14
5 13
56 7
2 13
26 15
80 13
63 18
2 25
69 18
2 6
34 6
49 0
78 15
41 2
29 15
38 18
53 24
20 2
22 3
68 2
20 19
44 22
24 10
77 17
74 24
31 5
50 4
77 21
30 21
65 6
19 2
55 23
50 4
24 7
60 7
61 22
75 21
35 3
30 23
52 7
68 23
39 8
7 4
80 13
28 23
27 17
64 4
78 1
15 24
32 17
58 1
62 17
21 6
52 9
72 6
23 2
12 16
70 23
56 17
69 12
67 1
80 18
55 10
11 10
35 16
38 11
30 0
11 11
14 5
77 4
20 16
27 8
33 21
72 19
70 8
76 0
60 8
33 3
5 14
25 3
34 5
22 25
29 22
34 22
53 13
74 13
31 9
43 1
17 19
54 0
43 23
76 9
7 8
5 1
52 15
70 5
22 8
26 6
73 11
36 16
55 14
70 20
64 0
75 8
16 12
8 9
16 6
68 14
70 7
13 2
54 14
38 18
10 10
72 12
60 18
27 8
23 13
75 17
35 5
65 1
3 17
72 20
69 13
71 17
10 6
58 5
72 19
6 10
14 8
6 11
13 22
38 10
43 4
80 10
71 19
61 0
33 14
40 15
3 24
47 15
77 18
41 20
50 13
74 3
49 19
58 4
77 4
42 6
41 22
58 14
13 17
53 25
2 4
13 18
67 22
63 4
34 25
9 15
55 10
39 14
54 25
39 6
36 3
37 2
27 19
48 3
72 1
53 14
54 2
75 7
66 22
46 4
57 25
71 21
34 4
47 6
52 25
62 14
43 10
41 4
14 14
69 13
15 6
15 7
8 16
48 24
13 16
26 5
77 6
76 3
60 17
23 18
65 9
63 10
49 18
15 15
16 16
41 13
57 15
78 17
12 18
62 19
40 0
57 21
30 25
17 11
6 23
77 9
41 8
41 14
47 0
25 8
50 2
30 9
52 20
53 23
65 2
3 2
52 11
15 3
31 6
29 1
17 13
9 22
58 3
75 11
76 7
57 15
2 15
58 14
42 14
42 11
71 22
41 24
30 13
53 4
75 7
8 11
79 8
1 13
76 18
52 4
36 7
57 13
68 8
14 21
11 12
51 7
74 7
13 25
31 5
7 7
8 21
23 16
36 25
51 12
42 4
20 16
38 1
77 23
77 23
64 16
53 23
75 24
50 25
64 15
38 20
65 10
77 13
39 5
9 11
35 18
45 25
65 10
77 6
63 10
25 6
73 5
17 19
33 17
42 1
59 13
56 6
12 24
23 8
62 25
58 18
73 17
76 20
71 5
6 8
45 8
48 13
26 25
15 23
5 7
70 25
65 13
33 16
42 2
58 20
60 23
25 14
45 17
28 21
50 24
27 20
56 18
26 10
36 11
24 5
74 9
60 15
34 13
18 21
27 17
50 17
45 3
18 19
77 11
17 17
52 14
40 25
50 4
60 24
15 8
38 8
4 1
80 5
38 16
5 15
3 3
12 7
71 23
4 25
54 15
64 6
13 8
50 2
64 0
75 14
78 11
79 21
46 6
17 12
35 4
9 17
9 16
21 6
74 17
55 19
26 5
7 0
70 14
2 9
58 5
57 5
61 20
27 7
47 9
67 13
20 13
68 17
7 25
54 17
33 0
22 13
45 4
72 19
0 18
27 20
74 8
56 2
5 15
28 1
22 15
3 20
37 6
1 2
39 14
72 0
49 17
23 18
3 25
63 17
28 13
35 9
78 17
23 23
74 3
9 13
66 20
63 6
7 3
52 10
71 12
17 3
26 13
36 14
41 18
10 8
16 19
40 25
35 4
54 19
72 23
79 22
35 8
66 4
56 0
5 22
72 13
57 9
71 17
62 6
54 4
5 19
33 9
80 11
78 11
64 1
5 13
50 6
32 10
55 7
33 25
70 19
13 1
17 8
10 7
43 22
25 21
41 10
27 13
51 9
15 16
33 21
5 19
78 17
79 19
56 18
68 4
74 5
27 5
30 5
39 18
25 11
18 20
12 1
72 12
36 10
65 17
2 6
4 15
18 3
40 21
74 25
13 0
32 7
10 16
47 11
68 13
79 21
20 20
40 25
39 16
60 1
43 4
77 2
58 3
71 11
25 17
21 1
6 0
58 23
22 19
5 25
55 10
52 21
20 7
65 20
6 17
8 18
8 6
22 12
22 15
59 10
63 2
28 5
65 21
51 25
43 15
62 3
78 3
60 5
9 8
8 14
15 7
30 17
24 21
70 22
39 11
66 16
27 12
51 6
9 7
10 5
56 22
37 16
18 19
78 13
63 16
19 18
66 9
58 5
76 10
29 7
50 4
39 19
33 23
27 7
22 9
38 9
47 22
55 15
41 10
24 9
16 15
66 2
43 0
44 10
69 3
15 25
40 15
29 5
39 0
36 24
10 5
21 24
4 16
60 13
31 9
0 2
29 7
18 0
33 11
45 7
74 23
46 19
37 14
26 10
4 6
60 2
0 2
26 11
0 21
61 11
78 3
48 2
22 9
50 3
7 0
61 21
3 4
40 17
31 1
47 15
52 15
64 5
65 13
64 6
27 19
47 16
72 7
75 15
1 6
79 12
56 6
33 21
12 1
58 9
55 9
47 0
69 20
76 25
77 1
5 18
2 9
74 22
28 16
8 19
52 22
0 14
74 22
4 2
17 10
66 19
23 20
6 19
20 2
25 17
30 13
69 0
2 8
13 8
2 1
39 16
23 24
19 7
78 17
43 6
18 16
9 6
53 21
7 20
39 14
64 21
44 19
9 6
30 24
47 14
13 18
61 4
7 19
78 24
47 18
76 23
17 23
58 14
66 4
74 2
17 21
8 12
39 23
7 11
7 2
14 14
43 19
70 6
18 8
21 5
3 2
56 11
20 23
43 22
22 16
14 12
9 4
54 25
60 4
27 13
21 10
57 17
34 17
3 17
72 7
80 6
13 3
36 7
32 3
20 21
9 5
57 17
75 16
62 4
30 24
53 7
80 3
62 19
54 24
64 1
27 24
64 12
21 9
14 19
65 17
25 8
74 25
55 6
32 19
34 6
79 20
13 13
34 5
56 23
50 8
73 1
68 4
5 23
18 8
8 25
50 5
77 22
65 6
41 21
25 22
36 23
56 10
17 22
58 3
51 20
14 18
37 3
56 17
3 20
35 22
60 2
1 4
18 4
37 12
75 21
40 22
35 2
15 16
37 21
7 5
40 10
62 0
65 17
18 17
56 24
67 22
74 2
17 16
73 12
3 7
75 14
63 8
61 6
54 13
70 22
61 6
77 3
27 14
46 0
65 1
63 11
70 11
55 22
38 6
47 10
22 10
62 9
5 15
45 6
68 5
52 10
79 21
41 20
30 14
56 9
68 10
69 21
45 22
33 6
4 10
51 25
34 19
2 8
21 11
63 9
79 0
24 16
4 3
33 17
72 14
29 21
59 25
18 2
32 13
60 24
21 2
16 15
21 9
43 15
23 13
13 4
69 12
49 19
24 0
55 8
35 5
4 10
77 17
2 14
37 25
49 15
37 1
16 3
8 14
33 1
11 25
14 20
65 4
52 22
7 24
13 21
7 7
42 2
11 25
27 24
17 18
0 14
29 20
64 16
4 18
65 19
8 17
55 24
60 24
65 2
35 16
38 21
66 17
30 3
18 15
10 8
3 19
24 16
14 6
56 3
11 6
27 8
2 17
70 18
44 22
69 7
73 14
57 21
21 23
51 25
60 23
40 2
69 1
63 23
72 13
60 21
52 10
64 23
62 2
22 16
77 11
57 0
57 23
38 17
36 12
30 1
75 24
49 12
57 23
74 17
47 2
28 12
66 20
22 8
77 16
28 23
13 9
66 10
65 6
79 18
23 22
15 12
64 1
15 22
76 10
16 23
6 22
40 3
14 23
73 1
0 9
5 0
51 6
58 5
73 19
77 15
75 16
60 3
10 1
39 16
12 16
14 5
80 0
55 25
42 4
69 6
6 19
76 12
10 16
76 22
44 21
54 0
66 1
56 11
41 3
21 14
19 15
30 22
58 8
76 7
77 23
25 20
14 19
0 2
54 24
6 13
79 10
75 23
56 11
62 14
25 24
66 10
31 3
32 19
36 20
67 14
67 8
40 0
1 17
67 18
47 12
58 22
24 19
3 7
45 0
56 7
53 11
0 3
3 1
71 12
10 24
37 10
66 15
54 4
12 4
42 10
37 12
41 9
28 13
72 10
57 20
19 2
37 1
14 22
75 0
37 8
41 18
35 17
68 19
8 24
72 11
58 8
15 3
9 1
60 22
68 15
57 21
17 1
36 17
19 23
7 16
67 3
8 8
74 6
8 17
11 21
25 25
46 22
74 10
19 18
75 6
68 10
35 25
36 23
7 11
51 17
65 10
56 12
18 13
48 6
9 8
8 22
23 18
64 14
7 8
49 16
6 16
27 12
80 2
64 3
52 1
24 19
54 19
66 14
77 11
57 24
53 9
30 22
40 0
48 1
34 19
79 22
13 7
24 18
67 21
13 20
14 13
60 23
44 24
77 5
12 15
79 19
62 13
31 3
29 15
61 4
75 10
13 4
77 24
21 0
50 22
39 14
39 7
80 1
45 7
76 0
38 23
57 5
64 9
45 21
7 16
44 24
71 25
78 21
78 20
21 16
28 17
56 22
16 7
48 6
12 21
48 2
28 17
56 1
29 8
30 15
56 17
64 11
69 1
21 22
44 7
72 20
22 18
65 19
56 18
51 18
2 15
65 8
78 18
24 5
29 21
27 21
77 17
69 0
55 2
74 23
63 10
20 25
77 8
66 23
13 5
60 21
13 15
38 3
28 2
31 17
79 4
80 14
34 1
48 2
41 14
71 9
45 13
79 21
16 18
65 18
43 24
4 2
67 16
41 18
20 10
29 16
55 13
71 12
35 14
37 7
59 17
5 2
43 8
20 1
9 2
67 3
44 8
21 5
48 12
74 22
18 15
13 12
17 25
51 23
11 9
30 9
3 18
39 20
12 1
62 17
6 12
1 22
59 7
45 0
21 19
53 0
48 1
22 18
48 15
69 22
35 2
66 6
33 18
11 19
52 6
63 18
62 22
40 6
29 1
58 14
78 1
63 7
41 13
55 24
11 6
17 25
80 18
65 25
8 18
5 22
0 22
2 11
10 2
38 6
42 11
79 24
6 22
28 12
68 5
74 1
35 20
32 14
23 16
70 22
51 17
27 20
3 8
67 6
32 23
10 12
6 11
14 12
23 13
35 25
22 17
4 25
28 23
12 14
46 17
6 6
67 10
6 18
24 9
1 17
5 1
58 6
53 16
50 16
45 7
13 23
21 23
55 22
3 7
16 16
70 1
4 18
63 16
33 15
11 4
75 10
76 2
40 13
56 23
16 2
9 11
57 24
5 7
74 0
75 10
29 1
80 9
73 23
70 0
41 25
57 10
38 10
7 13
63 22
30 16
25 14
38 25
18 14
55 17
35 23
60 20
34 19
43 18
25 18
61 2
46 2
72 1
5 15
70 18
72 15
56 12
71 0
35 25
77 18
75 5
33 1
37 18
19 7
71 11
37 4
31 7
67 21
33 12
54 5
73 25
17 15
33 16
29 14
6 8
10 4
31 14
46 6
30 12
57 24
14 11
7 10
78 0
45 18
58 14
61 14
11 15
9 11
5 15
62 11
63 21
2 8
34 19
13 11
2 6
58 15
28 25
37 20
0 13
2 23
7 12
28 3
60 16
3 9
0 10
48 0
13 5
78 3
15 3
77 17
21 2
18 21
10 16
27 20
23 25
46 7
44 23
0 16
16 2
35 6
26 7
75 22
14 1
22 7
49 16
23 4
16 25
16 21
1 14
5 0
71 12
45 9
73 21
63 20
23 24
64 16
73 3
27 19
0 25
27 3
31 11
80 7
20 20
51 12
22 3
40 8
10 25
29 7
64 18
25 15
2 25
52 19
34 0
75 13
11 9
44 16
2 5
35 16
6 9
47 7
80 8
0 16
53 10
32 22
45 11
58 5
61 0
42 10
27 15
31 5
29 14
28 12
64 25
43 22
54 8
9 12
79 8
40 1
31 13
10 15
32 5
55 21
6 17
2 3
71 19
69 0
57 21
15 23
59 6
58 21
20 8
25 23
71 21
35 22
39 1
2 14
18 19
32 23
70 12
62 3
5 25
6 6
40 8
47 24
56 22
79 13
28 22
25 25
8 25
65 11
36 15
50 15
63 1
50 1
24 23
30 4
54 0
21 10
30 3
5 3
23 1
64 2
63 9
22 23
66 6
7 11
1 17
34 3
45 16
49 0
66 8
44 19
24 1
17 4
16 5
13 21
73 14
16 24
51 3
31 13
0 14
27 13
18 19
3 5
70 10
11 17
12 1
79 1
24 19
18 9
14 10
40 22
58 11
62 12
22 10
71 5
33 4
10 16
31 2
5 17
62 15
46 1
25 5
33 20
65 1
11 24
60 13
55 22
58 4
47 9
28 7
1 4
45 22
45 20
8 25
10 22
8 23
61 10
49 23
50 12
60 11
25 0
52 7
29 2
50 17
23 9
65 22
5 4
62 18
21 4
20 14
74 22
41 12
5 2
47 4
32 4
65 17
52 23
71 5
19 10
76 6
1 10
68 1
28 15
10 6
32 4
79 21
8 11
32 20
36 16
8 22
48 17
40 1
47 25
63 22
0 9
0 14
38 16
77 19
17 14
42 11
55 8
60 20
36 23
78 18
28 18
25 20
4 9
5 5
5 23
73 16
34 4
71 20
70 8
74 17
4 21
47 15
25 6
20 6
56 8
15 16
60 3
50 17
54 9
44 3
49 10
9 22
21 17
36 10
77 21
65 12
20 20
62 12
6 21
42 1
52 10
66 6
13 24
59 3
31 9
64 8
17 8
46 18
27 11
28 9
2 19
76 20
23 12
23 6
19 25
66 21
10 11
32 18
51 6
49 17
12 19
32 16
37 21
54 9
39 15
0 25
71 21
77 0
48 17
10 11
51 23
58 4
79 13
19 13
62 8
43 20
77 15
60 7
33 2
12 21
47 0
50 0
70 23
59 15
57 17
7 1
50 23
6 14
9 5
36 15
52 18
2 19
66 15
1 25
56 11
79 0
43 4
16 15
69 1
37 21
12 13
59 11
5 9
0 9
34 23
74 9
74 25
75 20
64 1
13 21
38 12
34 21
22 4
42 7
21 11
50 22
39 24
30 10
32 24
74 23
71 13
23 14
61 23
27 3
78 1
74 6
33 23
3 25
61 22
10 1
2 11
76 21
26 6
13 2
45 10
41 10
37 18
1 7
71 11
52 20
35 5
63 4
58 12
53 3
80 18
28 6
50 14
36 18
23 10
0 2
1 17
60 23
13 19
26 4
40 16
40 19
30 22
5 22
12 6
31 22
0 20
24 16
2 12
37 12
3 2
46 12
64 20
71 13
4 15
17 4
31 19
70 21
75 0
68 1
78 9
50 16
68 22
72 10
64 25
44 23
22 17
27 14
34 1
36 3
15 21
39 17
69 5
78 22
26 6
79 21
79 3
3 21
49 9
65 3
79 1
48 19
57 0
44 5
78 20
22 14
55 19
57 11
58 13
25 12
64 24
7 18
43 0
48 19
34 11
39 20
14 21
61 16
7 20
19 16
4 14
35 13
54 4
17 18
28 10
56 7
49 24
50 15
39 17
42 13
35 19
13 21
42 15
36 2
18 7
18 10
64 2
25 18
25 19
12 0
51 19
15 21
6 24
62 22
19 22
28 7
67 18
72 0
53 21
32 14
74 10
7 16
69 6
47 16
67 17
34 11
79 14
12 10
42 3
40 4
59 14
69 1
67 9
37 14
63 2
47 10
2 19
16 17
35 0
14 19
35 21
59 8
29 0
17 10
25 13
48 19
33 20
11 17
55 11
36 2
48 3
25 24
33 14
59 11
22 15
24 11
33 19
45 13
20 11
24 0
68 14
49 1
22 21
45 1
52 7
18 15
30 23
9 5
0 19
49 3
49 7
39 25
1 15
11 7
55 9
47 9
44 15
68 2
68 2
61 21
4 24
75 13
72 12
67 10
59 22
44 10
20 14
39 12
49 7
42 4
14 11
47 11
70 11
34 5
15 3
52 18
19 1
41 19
37 1
48 11
47 3
3 9
40 2
32 2
43 6
43 7
67 11
2 5
24 17
18 4
71 17
37 3
45 25
54 11
74 0
64 5
44 11
31 10
18 17
43 20
14 17
62 1
20 8
78 13
29 11
76 3
3 15
53 15
35 18
71 6
53 23
9 13
54 6
51 12
65 7
44 11
77 9
49 7
47 5
59 1
50 17
0 17
26 24
2 11
24 21
35 7
45 10
43 1
1 21
51 20
12 24
27 22
26 21
16 7
40 9
74 14
52 22
52 19
73 22
49 23
49 18
31 25
6 10
22 11
55 24
0 2
57 0
8 19
62 4
42 18
15 6
33 12
3 3
72 21
40 18
58 4
70 7
45 5
15 23
71 3
64 3
11 11
37 22
24 17
63 4
22 15
32 11
31 9
38 8
43 16
28 0
0 7
48 3
46 5
31 0
12 15
42 14
20 8
73 2
56 6
75 7
78 11
32 17
23 14
49 25
12 10
18 10
26 4
29 15
67 17
56 3
13 4
4 25
22 16
8 11
25 21
62 16
72 3
79 21
67 8
12 3
8 18
35 18
71 21
60 13
41 18
56 17
25 0
49 23
80 19
49 19
38 19
75 23
9 23
37 25
4 22
68 17
42 14
66 22
9 23
31 14
45 19
37 7
19 7
36 11
73 8
42 3
62 6
1 14
39 14
59 8
18 6
37 25
27 11
60 1
61 4
74 23
58 20
50 20
70 1
69 9
28 13
39 18
7 12
59 16
52 1
12 7
74 11
65 4
19 3
8 13
68 5
3 11
43 0
28 2
33 6
11 2
32 21
53 24
46 12
60 22
80 0
54 7
0 10
56 0
58 22
26 17
53 12
36 20
23 5
26 8
30 19
54 19
75 4
60 7
54 5
65 16
59 7
58 2
49 23
0 25
3 7
31 4
64 11
74 1
5 12
62 18
43 6
65 1
49 25
77 10
9 14
55 24
67 6
24 12
11 17
51 1
19 10
61 18
8 10
16 4
60 8
34 18
76 12
77 11
70 23
5 3
72 6
12 14
4 14
74 12
25 8
40 0
13 19
39 5
59 14
10 17
78 17
46 21
75 0
47 23
74 4
29 13
23 25
3 19
76 9
50 6
8 10
45 6
32 3
9 19
8 1
42 17
12 23
3 21
11 7
12 5
61 7
53 15
71 7
18 15
65 5
80 1
61 7
66 21
28 20
59 13
75 23
21 0
42 17
13 15
36 17
12 19
14 5
25 18
41 19
45 17
60 1
12 9
67 8
22 9
15 11
77 24
16 2
20 6
5 5
66 4
4 13
11 12
58 9
16 9
23 17
80 9
51 5
58 21
11 21
80 7
69 2
76 12
13 10
34 11
44 0
33 19
33 0
55 3
61 13
61 2
52 9
37 15
13 12
71 4
64 22
4 14
7 8
28 23
32 16
60 11
42 2
71 18
21 5
29 1
30 22
73 17
21 2
77 0
60 25
27 9
14 14
46 23
32 25
34 25
57 10
17 17
27 19
56 12
52 4
66 5
41 24
11 1
9 23
38 24
50 8
26 12
77 21
56 15
7 8
71 19
18 8
69 7
8 21
70 20
70 19
57 6
68 20
36 8
36 21
5 6
65 11
49 19
5 14
47 16
18 2
0 9
26 21
59 0
57 11
73 11
40 22
58 13
67 20
32 17
65 21
65 15
5 19
40 14
61 12
38 17
55 9
48 3
56 8
75 8
67 4
72 10
35 3
47 24
58 20
2 13
80 17
64 4
80 0
64 13
43 9
46 25
7 17
80 13
23 1
46 7
76 1
34 20
65 7
5 4
45 25
78 10
9 3
15 24
74 11
71 6
14 18
14 13
70 24
5 3
28 5
65 15
22 12
49 24
4 21
75 12
11 25
28 0
44 22
11 12
79 15
52 18
62 1
46 22
18 13
17 20
30 24
67 17
69 5
9 7
72 4
0 20
5 21
66 6
76 10
69 24
7 14
41 23
53 21
8 8
10 1
30 10
15 5
69 14
39 13
10 10
25 18
11 17
57 24
47 2
20 5
45 6
76 16
34 24
39 7
10 20
29 20
80 1
69 24
10 0
61 24
29 1
48 18
16 10
18 5
30 18
55 15
42 25
1 19
70 6
14 16
2 21
37 4
6 1
60 23
74 8
1 14
7 4
24 7
10 22
44 21
35 12
60 23
2 6
46 1
70 7
73 1
20 17
60 6
11 19
40 22
43 15
35 20
5 20
20 14
67 16
32 12
46 20
18 6
34 24
51 5
78 17
14 13
20 6
27 7
20 18
2 11
27 10
74 11
50 5
47 12
24 24
21 5
8 10
15 19
2 14
3 6
20 5
59 24
41 1
9 3
79 17
46 4
55 3
15 20
48 18
55 25
43 16
35 12
71 0
79 9
21 5
30 15
25 23
50 5
44 7
62 23
36 12
47 12
78 20
60 11
29 24
20 20
47 5
79 4
22 16
18 0
43 21
1 3
25 22
14 1
74 21
58 4
25 5
68 18
52 0
68 12
66 13
19 16
40 23
59 15
17 8
67 11
23 20
12 2
74 8
79 3
17 4
18 24
61 0
33 3
13 1
44 8
34 7
73 3
30 13
25 9
12 10
0 11
1 5
56 3
27 19
75 25
2 13
23 15
38 7
49 22
2 23
55 23
11 8
61 19
28 14
10 16
3 6
15 14
17 24
31 9
23 18
16 1
2 16
58 23
59 11
3 0
62 5
70 11
37 18
49 24
48 4
29 23
33 12
12 7
36 10
60 5
3 25
18 19
70 1
6 3
23 5
49 14
76 4
41 16
34 22
44 0
23 5
80 0
23 20
75 3
22 18
2 14
33 10
59 8
22 22
58 21
36 9
39 9
11 19
63 14
48 4
77 5
53 2
61 9
20 2
68 9
24 14
27 19
58 1
61 24
79 23
65 0
4 23
11 4
79 14
52 18
5 7
37 16
77 24
15 15
33 11
38 6
14 10
40 10
66 4
45 19
61 15
19 3
38 23
23 18
9 20
67 25
36 0
1 8
38 14
49 22
30 0
57 23
45 7
12 16
8 2
59 17
32 1
58 25
48 18
77 14
18 8
70 16
75 8
67 7
41 9
8 17
27 4
56 10
12 24
57 25
40 9
10 17
61 0
60 21
70 18
36 5
3 19
5 11
13 7
32 8
36 11
43 25
78 11
72 17
56 20
30 9
37 16
70 13
54 24
46 6
20 12
27 3
25 7
40 13
32 3
40 5
51 14
46 3
42 13
0 15
75 20
9 1
78 19
31 23
3 22
20 9
17 22
39 14
64 19
3 8
30 8
14 15
40 1
53 22
59 5
4 24
54 17
55 20
43 18
30 13
66 14
48 15
65 17
4 20
24 18
27 22
29 10
62 1
38 1
80 9
73 12
24 9
59 19
50 19
17 17
65 20
75 10
18 20
46 25
35 22
56 7
65 10
16 3
74 2
2 7
46 3
69 12
26 11
79 2
19 10
47 23
77 6
30 10
42 5
49 1
30 23
66 9
54 18
16 9
41 2
55 1
15 4
75 13
78 17
23 8
53 18
61 23
28 4
15 6
54 13
41 6
66 20
49 9
74 24
21 2
59 8
78 11
33 22
1 1
29 12
47 19
60 0
31 7
66 20
32 9
49 21
36 2
5 9
78 13
26 16
64 16
3 25
36 2
45 24
43 17
73 2
65 9
13 3
49 21
38 8
8 18
6 15
8 6
53 10
70 14
35 19
58 5
15 4
58 9
63 17
35 4
24 20
77 20
29 4
13 11
55 19
33 24
47 17
54 15
33 14
26 25
47 16
42 10
15 23
33 6
78 14
14 11
42 16
3 7
45 18
22 5
9 2
38 11
34 11
73 2
37 10
28 22
72 2
15 22
30 3
15 9
65 16
63 14
65 16
7 21
62 18
56 9
60 4
37 3
55 13
6 24
15 10
0 0
21 8
21 10
24 16
60 2
61 8
64 19
56 20
15 25
62 14
60 8
62 21
46 18
17 1
0 11
21 23
31 21
29 21
64 25
70 3
65 9
7 10
21 12
0 21
35 1
12 1
18 16
58 17
5 10
53 14
0 1
52 6
49 10
53 17
31 20
17 7
9 20
66 3
66 4
67 14
79 23
19 10
42 1
30 8
16 4
35 25
76 10
46 15
66 12
31 5
14 1
61 16
37 17
61 2
46 17
45 14
79 2
14 4
42 9
65 7
22 17
60 14
19 6
46 0
18 11
46 7
65 6
19 15
54 23
40 8
16 18
67 11
52 23
70 10
52 16
31 24
51 3
46 2
66 15
34 13
1 8
1 1
37 25
51 14
47 2
33 7
73 9
49 17
16 3
2 11
67 1
59 15
51 11
55 18
10 11
18 1
37 22
25 4
70 25
18 20
6 12
53 20
32 21
7 13
73 9
9 4
47 24
63 12
54 5
50 25
14 2
27 10
66 11
66 16
22 4
46 10
6 0
14 1
76 9
64 8
5 20
31 20
74 20
57 17
14 17
57 20
39 25
32 7
34 0
55 23
38 17
41 13
40 4
55 21
27 13
40 7
80 7
71 24
29 7
80 6
48 17
5 14
8 16
26 8
47 7
67 19
62 16
13 3
28 6
54 2
71 23
22 10
4 7
34 17
1 3
33 3
34 21
46 0
50 19
27 2
56 16
78 12
0 12
75 1
49 1
35 8
37 7
37 18
50 25
48 9
39 10
0 3
15 6
73 8
12 5
74 25
12 25
49 18
44 19
39 3
26 3
1 11
34 17
55 1
10 4
66 24
73 4
7 0
34 22
41 2
28 2
67 9
31 25
80 12
26 2
64 0
44 18
21 17
58 3
70 8
2 9
17 16
77 17
21 10
59 3
50 7
32 14
10 12
70 25
16 7
61 11
9 9
32 14
65 18
61 25
14 3
63 18
60 1
68 10
34 23
58 6
20 6
0 24
11 12
7 22
4 25
67 19
78 17
80 5
3 17
44 15
8 4
74 23
11 9
23 23
59 24
2 1
17 22
33 18
39 11
47 8
14 20
2 5
13 8
40 21
13 0
47 14
32 22
79 12
72 24
45 23
51 22
27 25
4 7
31 15
4 8
74 14
77 11
32 2
62 17
8 4
11 18
73 15
7 18
43 12
24 19
38 9
69 0
29 5
12 2
20 9
0 0
54 14
46 0
39 23
14 24
3 20
58 25
6 16
40 0
16 16
35 0
27 7
34 13
67 12
52 9
67 25
66 7
37 22
32 7
3 7
44 18
34 16
17 18
17 0
48 11
10 12
1 23
50 11
41 8
37 12
40 15
17 22
76 18
76 6
62 0
22 17
74 19
45 18
76 25
9 22
33 23
3 5
73 14
1 22
17 20
22 6
12 12
18 7
66 0
78 3
59 1
8 3
38 9
20 21
35 22
29 15
26 19
45 18
76 20
37 16
62 16
48 24
17 1
11 2
63 7
28 8
80 13
1 12
44 16
27 21
30 22
32 3
7 9
72 23
44 7
8 14
2 7
55 4
53 23
43 18
47 21
15 23
62 15
64 11
44 6
39 2
0 15
75 10
36 20
1 2
59 23
28 8
74 21
46 25
78 21
23 9
1 9
27 12
65 19
40 19
69 18
10 10
5 25
80 3
17 17
55 1
1 14
73 15
27 25
7 22
14 18
42 10
71 14
37 22
32 14
37 24
75 25
40 22
70 23
68 0
15 11
34 22
34 12
59 23
20 3
70 16
67 15
55 21
0 11
78 13
27 18
24 13
20 21
46 1
17 15
3 15
20 1
45 1
44 24
9 16
52 8
21 14
1 17
38 19
23 25
6 2
79 2
74 21
24 16
12 24
38 7
37 10
22 4
16 15
39 9
47 4
44 7
38 7
29 10
69 2
48 14
63 19
16 21
41 4
50 9
63 22
41 12
17 20
15 2
18 21
73 11
78 18
0 8
34 24
1 6
10 18
73 10
69 1
33 25
42 20
64 19
66 17
60 19
56 2
75 21
24 13
77 22
29 11
8 12
71 25
52 24
67 8
11 6
68 25
44 0
57 18
33 3
30 13
10 22
50 13
39 25
69 21
28 16
12 10
77 10
26 8
38 7
63 15
27 15
7 22
6 9
7 0
8 13
28 25
12 19
77 3
70 21
9 8
26 21
1 14
57 10
6 5
19 7
9 3
39 13
56 13
80 18
78 14
41 13
36 1
64 12
76 25
10 8
9 24
51 16
71 20
42 13
16 10
17 3
16 9
55 21
46 1
68 23
77 5
29 11
10 3
49 8
9 25
27 2
49 2
48 12
0 22
51 9
45 24
16 3
59 17
79 23
32 2
55 23
72 17
28 7
52 2
55 16
24 25
47 9
15 15
2 24
71 11
21 4
63 10
45 18
53 8
43 22
50 16
8 21
77 15
19 17
0 2
47 24
47 18
2 0
15 15
23 18
23 3
55 25
25 16
10 13
17 14
39 11
40 1
18 24
45 13
67 22
4 19
39 25
29 20
68 17
60 18
21 17
26 11
15 9
26 1
26 8
74 11
0 0
3 5
59 19
34 22
74 20
29 3
1 16
21 19
16 13
63 24
31 20
27 19
10 13
67 8
5 2
46 25
26 17
4 5
63 21
44 0
28 0
24 16
32 22
20 3
28 11
79 18
49 8
77 9
69 12
46 15
66 23
21 1
56 1
10 19
8 24
16 5
2 21
3 3
28 22
43 5
45 25
67 21
33 14
8 12
62 18
8 11
47 0
27 13
30 15
50 21
77 25
77 16
69 3
40 22
9 25
51 7
9 7
46 13
66 25
78 7
24 13
60 19
71 21
36 2
55 6
55 21
9 1
50 8
61 12
33 11
41 17
25 14
27 7
19 11
30 7
2 18
72 19
49 25
61 22
42 9
78 19
19 17
73 8
27 8
58 1
22 0
68 15
51 1
47 11
54 14
12 6
5 19
3 24
48 20
65 23
62 23
48 10
0 13
11 6
41 11
61 19
29 25
77 13
78 20
20 23
37 9
62 21
8 6
22 8
29 11
12 20
53 3
78 4
37 2
18 8
65 13
72 2
59 5
20 11
75 17
60 12
79 19
29 3
38 23
11 19
29 10
35 14
78 10
41 19
73 9
5 6
16 6
15 6
19 0
51 11
34 11
42 17
33 22
49 11
62 10
17 18
67 19
68 10
61 24
57 10
29 21
6 22
75 5
61 2
39 1
44 20
52 22
5 15
54 12
57 4
71 7
9 9
63 22
6 17
27 24
3 3
55 9
20 5
43 23
58 3
73 12
79 23
4 13
72 1
41 14
31 25
79 25
39 14
1 12
31 21
27 12
4 12
38 6
6 11
65 21
19 11
53 18
34 9
34 24
43 11
34 17
75 13
41 24
1 20
8 22
44 15
52 12
23 19
11 3
48 22
68 4
41 23
59 17
75 23
63 14
46 23
56 17
10 18
16 9
32 4
33 14
69 18
35 21
27 23
69 2
29 24
0 7
60 24
70 17
6 10
35 17
49 4
33 20
25 17
5 12
30 12
5 16
13 4
13 8
67 11
47 16
39 8
77 6
17 18
47 12
76 24
79 14
23 17
32 20
26 13
32 9
57 4
80 12
67 3
45 17
34 18
4 17
46 21
50 2
15 24
17 3
15 17
24 8
22 11
24 19
47 17
61 25
18 9
72 24
60 21
53 11
64 12
65 12
63 8
17 20
0 2
67 6
77 0
44 0
21 5
43 3
80 17
1 7
59 22
21 6
29 19
60 3
53 10
11 19
65 25
18 4
80 7
25 18
77 11
14 16
0 9
23 23
0 3
24 0
8 25
28 25
50 11
32 3
62 16
10 17
71 1
36 0
43 5
26 22
33 16
72 25
19 24
44 10
50 24
2 24
19 22
16 7
2 17
40 21
72 1
52 17
59 24
74 25
4 8
24 11
7 11
57 21
62 16
4 6
28 2
72 17
4 6
53 13
48 8
13 9
68 4
27 19
53 4
80 17
79 16
36 16
21 21
73 23
33 21
28 17
19 18
71 18
42 12
25 16
71 12
68 24
38 4
51 5
37 14
22 12
63 22
62 25
61 23
4 19
3 11
61 4
69 2
20 12
50 16
45 20
80 10
18 13
51 23
59 21
39 23
55 22
80 11
4 12
75 0
80 22
43 4
30 18
26 18
44 9
29 10
47 18
42 10
24 1
19 21
52 17
50 7
30 3
9 7
69 11
54 15
68 16
65 9
7 16
23 5
47 15
66 3
25 12
50 0
28 11
18 2
11 9
21 23
68 10
59 5
41 17
30 6
2 9
65 24
44 16
74 8
38 7
5 21
39 15
73 9
45 12
61 22
29 1
66 21
35 11
12 10
0 19
18 6
43 15
17 25
73 0
48 13
16 4
51 22
66 1
65 13
18 12
67 12
29 8
26 10
69 0
55 4
3 0
34 9
79 14
25 3
39 8
50 6
31 13
3 17
70 8
13 12
22 5
40 0
23 9
54 1
54 16
64 25
38 3
69 21
15 20
67 4
36 14
40 8
65 20
63 17
32 23
30 17
60 10
51 16
53 24
36 16
44 13
76 6
69 8
6 12
20 22
46 10
5 1
37 15
52 16
57 25
17 3
9 13
59 13
75 25
44 1
42 20
18 18
31 20
21 25
71 3
21 2
8 15
14 10
0 17
13 9
38 3
53 11
26 7
29 16
68 25
44 22
3 5
36 20
11 21
23 17
30 15
29 8
62 0
12 7
75 3
49 23
40 25
49 11
21 4
63 11
49 0
62 16
37 11
1 0
3 24
5 1
75 12
58 4
57 6
70 15
25 14
24 23
79 24
36 25
34 6
14 10
21 24
72 20
37 24
59 10
53 5
20 0
18 8
42 21
66 6
60 9
41 6
46 14
72 17
8 25
51 14
63 14
48 25
7 25
5 0
37 11
30 0
5 15
14 15
2 4
66 12
60 18
11 14
63 22
1 9
4 12
77 24
66 14
15 17
6 24
42 24
5 10
28 7
17 23
1 17
39 19
14 19
29 1
11 18
26 8
72 14
23 19
60 7
46 20
34 2
10 14
34 23
37 6
41 4
78 8
19 19
14 19
10 6
48 21
56 20
50 5
68 4
26 6
54 6
28 8
34 16
0 24
46 24
48 12
47 10
9 8
52 2
36 25
59 16
80 18
23 22
11 10
78 14
17 12
51 13
40 19
12 4
1 8
9 1
35 8
5 25
78 13
23 18
51 0
65 24
52 12
55 21
30 11
14 13
45 4
68 15
31 12
23 24
2 1
35 4
80 17
18 10
31 19
41 16
11 0
76 15
13 2
74 14
66 13
10 4
37 5
65 23
34 12
26 14
31 17
18 25
23 0
11 14
60 24
77 19
30 18
43 12
55 18
26 19
4 13
22 4
46 16
21 21
3 9
45 2
2 23
36 7
33 14
52 17
79 4
41 21
64 17
59 22
70 15
39 1
52 23
69 11
7 15
23 14
56 11
2 0
31 15
28 15
36 3
29 12
41 20
31 15
70 24
38 8
75 3
25 2
17 22
71 9
56 12
15 8
72 17
45 3
33 18
36 12
42 6
57 1
26 4
3 17
10 9
41 0
49 24
77 6
33 5
11 20
54 20
48 3
12 18
62 20
50 11
44 9
65 1
68 23
76 22
19 14
8 9
26 9
13 19
69 25
72 12
17 22
61 3
32 25
3 19
6 16
3 3
61 13
39 9
61 23
31 16
0 17
30 0
18 7
32 12
62 11
31 19
38 5
21 9
62 20
12 20
52 19
19 6
35 5
63 15
16 10
19 9
52 9
43 3
21 1
52 4
55 24
50 21
3 21
3 11
13 6
8 9
34 16
24 10
18 14
78 24
55 2
49 3
63 22
20 1
23 8
60 1
72 12
30 4
68 4
37 13
25 2
44 19
14 4
69 9
5 15
24 3
44 2
8 2
21 7
13 23
76 6
9 11
79 1
35 22
47 1
32 20
19 24
13 20
32 17
5 3
14 7
9 15
69 25
73 16
22 18
79 9
52 7
53 23
64 16
53 17
59 17
24 20
20 6
55 1
34 21
49 20
3 12
61 11
39 16
58 6
19 2
35 21
46 10
67 2
38 25
71 1
47 19
10 0
74 12
67 20
25 19
58 14
36 24
49 11
9 10
60 17
72 7
23 8
57 23
50 23
35 20
1 1
12 6
30 8
8 23
32 20
76 0
11 23
35 8
6 24
12 1
62 16
17 1
27 14
65 11
44 6
29 17
80 10
23 16
5 14
77 19
16 16
77 13
12 9
30 4
48 0
67 18
6 4
41 2
33 22
32 6
53 8
20 5
61 12
47 20
60 19
73 4
5 12
64 14
46 17
68 1
53 10
12 25
38 11
27 24
28 6
67 21
43 10
29 20
24 8
35 24
41 5
51 3
70 3
52 23
60 18
63 6
61 12
72 20
25 18
44 2
4 9
14 1
22 25
18 20
52 17
0 21
78 5
12 17
42 3
41 18
43 13
28 3
34 6
49 13
40 11
21 25
36 14
26 9
43 16
54 10
68 21
21 11
23 9
58 13
76 14
13 13
29 8
1 21
19 9
52 25
35 6
71 22
37 20
75 12
38 4
65 20
78 21
74 8
10 8
72 14
9 7
13 7
12 10
42 13
63 5
10 8
4 22
9 25
7 16
37 15
65 13
1 1
12 9
41 8
58 24
40 8
1 18
68 10
31 8
73 3
57 20
77 3
69 7
75 10
28 12
10 5
62 20
77 2
43 18
25 20
64 5
51 11
56 25
24 16
5 19
37 16
52 19
66 11
67 13
45 4
21 4
75 9
9 3
47 21
23 23
34 9
50 7
58 10
16 21
36 2
58 12
63 22
25 9
15 16
43 21
45 5
75 8
53 10
12 0
10 0
49 13
55 5
1 12
32 14
50 18
78 11
33 12
60 12
34 16
25 14
1 14
60 8
36 6
72 2
56 0
8 8
61 22
59 19
25 6
53 4
6 17
25 16
59 24
39 4
60 3
17 8
73 8
15 7
77 21
78 17
10 20
23 9
0 24
0 0
30 6
58 11
58 13
59 2
65 1
36 12
3 5
58 17
25 21
24 18
49 15
2 19
26 5
62 15
50 7
56 6
49 6
7 12
61 15
19 14
23 9
28 21
11 19
32 14
74 22
58 4
50 20
80 7
58 8
72 11
79 5
63 5
76 4
48 6
30 25
51 8
31 10
13 15
72 8
52 12
73 13
31 2
17 8
43 18
20 7
24 5
33 16
3 1
68 2
24 19
67 8
40 24
64 24
16 0
14 6
49 5
1 23
42 22
54 17
11 22
33 11
73 3
26 1
0 8
23 8
46 17
32 1
18 12
63 23
80 6
72 9
17 1
40 9
52 19
21 2
5 24
18 8
73 7
12 20
0 24
65 6
3 21
32 4
75 8
9 10
30 10
0 6
16 15
11 10
42 23
25 9
28 14
18 13
62 18
28 18
11 7
38 10
52 21
14 8
45 8
10 15
39 10
38 3
3 25
21 17
17 10
16 1
66 20
41 22
22 9
32 8
26 3
68 13
48 4
6 22
66 18
51 22
57 5
24 21
3 16
59 23
7 6
24 7
4 1
54 8
37 1
66 21
17 16
4 11
29 8
43 20
16 3
3 21
60 13
42 24
19 10
74 3
61 9
1 22
37 6
69 25
52 13
14 3
21 8
61 6
58 15
77 19
78 17
19 2
44 3
16 15
40 16
60 10
11 12
67 8
14 14
60 3
35 11
3 18
56 6
10 3
59 8
66 0
15 19
54 14
28 14
37 17
34 24
52 0
33 8
15 18
13 18
42 5
57 9
1 18
43 20
70 10
57 14
50 14
55 6
25 6
56 9
32 16
35 11
49 10
5 14
51 22
11 18
76 21
52 19
63 25
46 18
19 15
22 11
73 25
6 11
52 6
31 25
16 17
58 16
11 2
67 17
55 5
49 1
21 17
55 24
79 0
32 6
0 7
25 23
16 14
62 0
58 24
42 17
3 14
18 11
22 22
61 0
76 21
70 17
23 17
44 6
27 24
28 25
38 10
1 22
9 6
75 0
6 21
36 17
12 19
58 4
47 14
12 1
80 13
80 20
27 22
21 21
47 13
46 24
38 21
66 1
21 15
42 25
68 12
67 4
64 10
59 13
15 7
49 23
38 16
65 2
23 12
9 20
39 6
0 13
30 18
38 4
25 21
23 20
50 18
49 3
19 7
45 16
56 5
2 19
5 7
78 19
41 22
55 2
70 5
26 14
7 8
80 21
75 22
61 18
47 11
79 15
65 21
25 25
22 18
43 17
36 4
70 5
75 14
64 17
43 3
2 8
3 3
54 14
68 7
17 12
32 21
36 8
69 2
69 15
52 7
48 15
31 17
58 10
0 6
50 8
29 13
30 10
15 18
7 18
64 5
61 5
24 2
63 3
61 22
67 18
0 16
74 9
49 22
39 16
59 19
45 20
20 9
34 22
2 21
10 16
45 15
20 11
3 16
4 18
75 14
56 4
11 13
41 20
75 9
75 16
49 1
24 16
10 10
79 3
46 8
74 13
77 23
27 2
72 1
48 14
65 4
54 2
25 0
53 13
13 15
47 14
56 8
68 10
76 2
53 2
32 9
70 13
65 8
37 12
54 1
1 4
70 11
59 0
29 4
74 3
14 12
63 23
46 22
35 14
55 10
70 0
46 2
57 17
0 17
65 8
58 14
18 24
49 19
54 23
51 9
11 2
69 19
48 16
27 3
51 9
30 1
60 15
58 23
34 22
36 12
31 22
75 14
33 5
46 4
4 4
0 25
37 21
8 17
75 2
52 18
19 4
5 10
22 21
80 8
21 0
5 22
77 13
55 6
2 2
26 7
17 14
73 17
22 16
71 7
36 1
53 11
29 0
68 11
13 6
5 0
64 22
66 16
6 9
76 0
67 19
37 13
23 7
22 5
23 18
14 3
47 17
6 5
32 0
66 23
76 18
13 23
67 0
57 5
7 18
12 9
67 5
50 21
13 24
48 12
37 4
79 14
45 13
12 2
1 4
10 1
73 15
1 23
41 2
62 20
8 8
27 24
28 7
37 22
43 12
69 15
3 0
29 12
32 13
51 9
11 7
78 22
10 12
73 5
16 13
3 0
1 10
1 14
78 23
54 24
71 8
50 19
47 4
31 12
70 2
68 10
2 3
43 0
37 14
50 4
48 17
52 11
41 13
20 5
45 19
78 0
35 8
77 9
71 13
12 22
45 1
46 19
14 11
5 20
45 8
42 4
52 23
55 1
3 17
52 0
21 12
9 19
18 17
36 25
3 18
65 12
65 14
17 3
30 19
68 2
67 17
37 22
46 8
25 17
68 6
26 7
43 15
72 9
6 24
19 7
36 11
42 24
60 5
52 11
56 15
12 15
38 25
67 1
74 1
57 15
77 1
75 11
6 14
10 22
47 6
0 4
60 6
39 12
23 1
24 17
41 8
26 12
39 24
47 18
38 3
8 25
13 7
53 2
70 19
53 19
8 24
74 16
70 15
75 23
10 11
9 25
35 8
60 19
49 17
14 21
24 10
59 11
5 15
19 25
17 9
29 8
64 24
59 21
5 21
10 21
60 5
47 19
31 19
64 24
34 20
47 19
64 18
71 10
2 24
74 1
52 17
13 12
49 11
56 3
66 5
29 9
31 15
58 11
46 18
72 6
18 4
28 21
46 20
69 21
15 21
38 9
1 16
0 19
20 3
47 25
74 24
78 11
8 5
6 19
38 7
41 15
11 5
42 17
46 6
80 11
38 0
17 3
36 8
68 10
17 0
60 0
35 2
23 13
57 3
59 10
68 8
11 14
3 17
55 24
80 16
53 15
49 21
80 19
27 14
55 6
63 16
0 1
56 16
58 19
64 19
23 10
58 19
22 7
49 18
77 13
26 9
22 5
5 21
14 19
28 3
47 22
2 21
62 0
28 11
55 25
61 25
72 23
36 6
40 16
24 23
80 13
27 20
21 24
10 2
55 21
39 20
47 10
64 22
75 2
24 9
51 16
60 0
18 2
48 13
31 3
28 6
78 0
6 5
7 3
69 3
77 21
77 2
65 18
55 11
77 11
59 2
2 23
58 13
38 12
6 1
43 24
61 3
48 10
71 18
21 18
5 19
76 20
24 15
29 7
9 16
65 15
9 5
32 13
32 15
31 15
4 10
49 22
26 8
9 5
28 9
23 8
31 5
12 21
26 17
34 7
22 24
0 0
17 6
23 25
22 18
18 5
79 21
21 11
51 1
24 1
31 5
60 4
17 6
50 7
10 16
14 13
11 7
47 13
3 17
22 8
52 19
63 5
45 18
19 19
3 24
38 19
13 1
17 6
58 23
74 17
5 18
69 10
35 25
8 25
76 19
77 8
48 25
32 17
66 3
19 15
55 24
36 7
11 18
26 2
70 17
10 15
64 2
57 3
58 19
55 10
39 18
78 10
77 2
75 20
4 7
4 12
39 13
49 19
3 22
58 25
33 12
71 20
19 20
0 12
22 17
77 1
45 19
79 15
29 5
61 24
68 1
39 10
11 13
68 12
72 3
7 20
69 15
27 7
51 18
7 21
17 7
6 6
26 23
56 17
18 21
66 16
1 11
29 6
11 2
47 21
12 1
40 19
14 3
36 20
23 6
32 15
60 13
18 2
69 25
60 21
44 13
59 4
44 8
60 25
64 12
75 20
52 25
36 0
50 16
38 18
80 15
40 22
15 14
79 5
16 15
72 15
77 12
32 25
76 20
0 3
79 3
45 25
29 11
45 25
34 3
62 3
49 3
75 22
13 3
47 0
44 3
35 20
43 13
58 13
37 7
59 1
11 19
2 17
8 25
38 13
69 7
53 18
47 1
75 19
78 7
26 5
56 25
72 14
28 19
53 7
6 7
45 15
68 7
60 0
56 18
50 0
61 19
63 22
32 25
40 1
34 3
62 8
42 4
48 12
78 12
39 19
62 21
69 0
15 1
35 1
3 14
17 3
36 10
1 25
43 7
31 21
70 25
62 22
73 7
52 11
41 4
61 4
45 13
65 0
62 10
7 19
1 23
20 2
65 9
46 9
44 1
15 9
15 6
35 5
62 19
74 21
49 11
21 22
39 21
28 15
61 21
77 23
45 25
40 10
20 19
72 5
80 24
18 11
65 15
16 17
5 11
7 9
36 2
11 24
53 18
18 8
65 1
48 8
53 14
40 0
57 24
59 15
38 7
51 8
54 19
60 12
62 1
47 6
57 0
61 12
14 20
77 0
13 24
67 15
23 1
48 9
53 11
8 14
50 1
25 13
20 17
2 18
72 21
51 0
52 8
63 11
15 12
66 0
43 11
64 8
38 16
74 3
7 23
27 0
8 24
76 1
45 9
25 10
38 18
20 17
2 6
14 17
70 18
73 0
18 19
69 0
23 1
27 14
44 4
80 20
48 6
0 8
11 4
11 11
49 8
17 14
11 4
11 24
33 3
5 2
2 4
57 25
66 18
45 5
7 5
78 15
67 24
60 4
4 9
25 18
30 23
8 13
66 17
17 25
7 1
76 20
21 4
23 13
14 19
1 1
24 3
32 1
45 15
15 19
73 15
75 23
76 9
21 17
33 11
14 8
11 9
78 0
67 8
68 21
43 21
78 13
26 7
58 19
46 14
11 19
68 12
30 17
36 6
66 17
67 8
8 13
71 18
25 3
8 12
73 0
5 10
35 9
65 1
52 2
55 18
16 4
41 24
24 15
8 21
57 13
39 10
27 24
52 9
80 21
2 14
20 2
79 13
17 22
75 1
14 11
60 16
60 12
9 25
52 2
12 24
48 16
27 22
43 22
63 6
61 5
4 17
78 24
43 21
72 14
34 1
46 2
51 16
75 11
30 19
52 14
68 3
78 20
69 24
48 14
57 23
12 23
15 0
34 9
0 19
67 14
44 24
33 4
21 15
55 10
45 15
63 5
38 15
6 6
6 6
58 2
68 14
41 20
76 0
21 3
56 7
15 5
5 21
41 19
46 0
59 24
37 25
69 6
30 5
79 15
43 9
32 13
51 3
76 7
30 6
32 21
76 3
72 9
23 24
0 20
43 4
46 3
31 14
75 20
72 10
38 24
25 2
30 19
46 4
25 3
6 11
4 25
11 15
52 7
6 15
24 6
12 23
38 11
16 3
27 19
33 10
13 17
1 10
57 16
15 21
26 12
12 11
56 1
53 16
76 16
65 10
5 21
38 20
41 20
23 17
59 2
30 0
35 17
64 11
57 24
2 25
33 23
22 8
9 9
78 24
3 10
30 1
21 7
44 24
42 9
44 5
80 14
16 17
36 4
25 11
80 7
55 4
66 11
49 5
27 5
41 21
1 2
17 9
12 5
39 6
10 24
35 2
26 22
31 14
12 21
64 22
34 6
60 13
43 10
70 13
57 18
63 5
56 14
25 8
20 3
33 4
59 15
75 19
16 16
36 10
22 19
76 7
15 6
71 22
31 16
23 17
68 24
26 18
56 2
12 4
29 10
39 22
43 20
44 17
29 10
74 17
25 9
3 10
59 18
61 18
76 8
53 9
50 23
55 15
33 8
63 4
47 10
73 5
39 10
25 17
70 14
30 12
45 14
72 5
63 22
7 4
44 1
22 11
18 10
37 21
1 10
60 20
22 9
71 14
28 21
64 15
0 11
35 14
6 17
66 17
28 24
49 1
28 23
79 21
8 7
21 24
38 19
12 18
7 9
56 3
51 19
9 13
31 7
58 8
58 8
55 0
58 25
6 20
22 5
10 16
1 5
62 5
43 7
51 17
78 12
49 16
54 6
72 15
71 6
74 22
10 17
70 17
38 25
26 13
1 22
51 4
77 20
51 12
57 9
26 17
10 17
76 13
45 23
24 7
53 9
57 22
57 4
25 1
37 22
12 24
4 1
74 23
18 13
48 9
24 16
75 19
3 20
3 23
11 16
1 25
11 15
67 19
53 20
37 24
66 11
36 13
54 11
77 9
34 20
32 0
32 5
54 5
41 14
24 13
8 19
24 11
5 21
4 12
76 20
23 3
78 10
7 8
72 2
18 8
32 24
65 9
70 16
23 11
46 17
10 19
69 1
71 12
35 20
13 21
25 24
26 16
48 9
1 1
45 10
61 18
23 4
51 21
28 21
5 0
46 18
77 17
52 17
4 1
42 3
80 1
27 8
49 14
55 23
14 3
21 7
8 14
43 16
59 17
23 3
66 17
11 3
21 25
36 4
53 7
73 13
31 6
24 13
59 6
41 9
45 15
34 24
28 3
67 9
77 18
71 7
73 8
13 8
44 2
3 13
2 14
34 9
19 1
26 12
64 3
48 4
15 3
14 2
9 19
13 6
18 10
10 11
14 24
67 15
28 25
0 2
3 6
17 2
37 19
23 13
36 21
62 13
10 3
40 21
45 24
65 4
37 23
63 2
4 19
48 2
19 9
54 16
11 25
53 25
1 8
69 10
68 4
11 14
35 14
8 14
28 11
25 23
51 0
33 7
37 2
18 25
66 14
13 9
19 13
38 6
71 10
36 7
57 25
7 9
20 2
42 6
57 2
40 1
61 4
29 9
72 13
58 6
57 14
32 22
68 20
51 0
5 7
26 20
21 11
22 22
56 1
3 3
29 21
39 5
67 14
58 1
27 16
33 21
46 1
3 3
76 23
29 6
49 22
38 20
22 19
54 25
77 11
60 25
48 23
54 22
74 22
33 14
25 7
70 12
8 8
46 15
6 0
18 24
48 21
55 19
4 8
39 12
20 23
39 21
18 13
58 9
10 14
8 12
73 12
79 0
2 8
19 0
27 15
1 23
9 9
42 11
34 18
18 25
65 17
72 5
46 6
48 0
46 18
19 20
56 7
70 25
7 18
6 17
24 4
68 22
26 10
28 0
59 15
56 3
72 19
33 1
40 16
42 0
33 2
7 22
65 1
0 25
7 18
71 3
9 10
7 11
31 12
23 3
71 22
78 10
66 19
18 17
34 13
3 10
65 0
53 14
73 4
5 12
67 7
21 11
35 5
31 5
41 22
20 19
23 14
31 5
73 23
26 22
21 20
76 5
0 16
61 0
15 7
5 19
14 1
47 1
38 14
57 16
72 10
75 7
74 22
48 22
43 3
38 17
39 14
23 9
18 14
78 23
28 3
22 2
80 5
0 20
76 16
20 0
67 16
66 15
19 1
42 14
6 25
16 17
6 2
38 17
62 5
52 6
53 16
21 18
16 17
37 22
9 20
43 18
49 19
12 22
23 17
27 10
80 19
70 22
46 20
9 21
75 15
77 10
71 22
68 16
59 0
53 0
61 12
26 21
44 16
79 18
48 9
43 11
57 7
45 14
2 5
11 13
3 9
65 7
28 0
13 22
45 11
9 6
17 9
57 12
1 18
9 6
20 24
71 16
58 3
13 13
0 1
62 5
40 23
75 2
73 13
49 6
57 21
8 1
26 5
1 16
30 6
12 21
69 8
33 19
45 13
28 23
53 5
39 9
56 3
65 13
74 23
70 15
15 17
55 6
38 25
71 5
5 24
39 9
45 16
36 14
62 5
47 8
49 18
3 8
4 20
57 14
23 21
72 16
7 5
56 5
47 21
17 25
43 9
22 1
2 5
48 19
75 21
7 19
3 20
40 9
5 1
55 17
37 4
76 23
39 6
61 13
7 25
16 16
21 15
38 16
37 10
60 21
54 12
72 14
55 17
16 16
16 25
47 19
33 24
43 25
43 7
23 9
79 22
25 21
61 11
63 2
49 22
4 8
50 0
62 14
61 25
59 4
80 4
0 1
51 7
39 6
30 12
38 3
61 0
25 0
45 8
59 25
59 7
78 13
37 22
25 25
4 7
0 24
1 21
28 6
13 14
71 0
16 16
22 21
37 6
17 17
20 8
47 3
50 14
18 19
73 6
70 9
70 12
15 23
68 24
65 12
45 5
6 14
20 5
35 18
53 10
29 3
35 6
35 21
49 20
68 4
55 22
47 19
4 11
60 19
8 2
26 4
74 22
60 24
61 8
40 13
37 14
25 16
61 12
10 20
44 3
8 22
45 6
30 14
77 9
32 5
37 12
53 5
69 8
64 6
2 20
62 9
40 22
79 6
70 1
22 2
68 0
47 22
29 11
77 16
38 12
14 22
47 0
24 24
45 14
37 11
30 25
27 20
76 19
41 2
39 19
26 6
34 24
10 0
72 6
64 4
5 7
30 5
15 6
48 2
55 16
19 9
11 1
6 18
38 17
27 3
27 23
35 4
58 14
71 4
3 1
13 22
53 7
46 17
2 10
48 18
37 21
71 19
56 18
52 12
26 8
16 4
14 14
48 5
59 18
20 0
55 25
8 18
62 8
52 14
72 8
14 9
52 13
38 7
38 8
38 21
21 13
6 0
65 11
46 0
78 10
76 4
61 17
35 4
33 7
58 2
45 13
41 7
27 13
72 1
64 24
46 6
21 9
4 21
72 21
39 20
76 4
18 15
64 2
12 4
18 10
73 5
37 22
71 23
7 25
36 13
47 8
5 17
27 18
62 20
71 1
69 4
40 12
4 19
44 20
5 6
71 13
62 4
64 20
7 5
52 25
51 2
52 0
8 2
9 16
67 25
51 19
15 25
12 9
23 22
69 22
62 23
52 9
6 24
80 22
2 7
14 22
80 23
42 8
46 24
61 12
14 17
2 4
11 22
60 3
78 7
56 11
33 17
66 21
61 15
66 17
7 7
12 21
6 13
46 2
71 20
53 13
60 22
60 4
69 15
28 22
13 0
64 25
55 4
75 16
62 0
67 4
17 14
25 25
39 8
72 11
80 12
40 0
41 4
16 21
5 3
31 18
1 18
52 9
64 8
65 10
9 16
30 18
70 16
56 7
70 8
34 0
28 23
21 1
41 23
52 19
79 12
40 13
53 19
46 24
39 1
47 19
66 13
43 1
4 3
47 17
71 3
67 20
80 2
16 16
61 25
6 23
31 24
51 7
21 0
52 8
2 15
51 3
77 13
19 11
25 24
48 0
15 3
47 4
36 9
68 19
28 0
22 17
47 23
3 17
3 6
57 17
18 5
51 24
47 25
11 9
57 0
47 25
44 5
75 24
63 0
1 3
30 6
66 21
30 23
17 11
18 17
33 13
33 10
45 10
69 0
58 22
66 11
56 6
56 0
73 9
49 17
64 14
80 15
5 15
12 17
76 3
8 7
14 18
38 20
50 20
74 9
17 8
63 15
30 8
35 22
26 0
5 0
47 18
28 16
10 14
63 2
25 6
77 16
16 17
64 2
28 3
77 11
52 15
20 21
26 16
45 16
62 25
64 23
1 2
54 14
74 17
57 3
53 5
10 0
37 1
24 8
43 12
13 7
65 20
34 20
45 16
75 24
49 16
1 8
4 3
13 7
12 11
70 0
52 8
79 9
60 0
38 14
22 17
65 14
23 15
0 6
26 12
34 0
1 22
35 12
72 7
7 8
24 16
60 1
13 19
73 5
46 3
22 0
74 15
13 18
37 0
20 2
17 9
77 19
74 23
26 17
5 19
62 21
48 11
29 20
34 17
27 21
23 8
21 4
9 24
44 17
37 12
77 10
2 9
37 19
2 10
39 10
27 17
40 19
8 14
22 20
73 2
59 1
80 24
38 12
64 8
23 4
19 21
32 9
74 12
74 5
69 11
17 8
62 5
52 12
50 0
44 23
29 24
46 12
45 20
40 19
12 8
61 13
38 7
38 11
21 14
27 25
54 11
29 5
59 7
49 6
62 5
65 3
67 0
30 7
56 0
36 21
54 8
29 18
55 13
41 3
61 11
60 15
43 7
27 1
67 22
63 22
74 0
14 13
53 3
57 8
67 4
79 18
10 17
44 10
10 13
35 2
30 19
16 6
24 8
3 23
79 16
52 19
19 18
27 9
34 23
11 3
15 6
22 17
46 16
61 22
69 21
56 6
27 4
67 19
47 3
74 1
29 10
52 2
53 23
40 2
2 23
24 21
65 17
4 24
27 10
40 2
58 7
20 14
14 4
59 16
64 23
77 24
38 19
26 17
74 18
31 8
50 14
65 6
37 4
43 3
3 0
25 17
25 3
49 4
57 3
7 1
8 1
52 2
3 4
17 23
42 14
22 20
54 7
29 23
60 0
41 20
44 10
59 22
4 1
63 12
1 11
6 21
40 14
3 8
8 2
72 22
60 10
76 8
73 7
54 23
0 20
22 21
5 13
30 16
8 4
28 23
38 8
76 8
58 17
57 11
80 22
77 9
54 12
60 1
25 21
37 1
30 13
54 4
2 1
68 13
35 23
33 1
59 22
74 20
24 3
60 14
23 18
4 20
12 12
43 4
17 24
40 21
64 14
5 23
15 20
64 20
63 6
47 20
58 3
23 24
44 1
64 22
70 20
68 4
65 12
55 1
12 17
48 7
77 21
30 9
44 7
74 8
53 10
1 25
53 1
31 5
44 25
0 17
73 2
3 7
4 1
11 4
0 22
48 4
27 12
34 0
75 17
31 4
33 20
2 13
45 17
15 21
7 14
66 17
29 13
7 1
28 7
73 8
28 25
17 4
74 8
31 11
45 1
3 15
79 11
49 6
13 3
10 25
22 3
28 8
46 21
72 22
23 4
20 21
60 19
50 25
50 4
24 21
49 8
39 5
39 9
38 24
52 24
63 3
25 6
40 20
38 25
17 3
38 21
62 23
58 4
31 8
10 11
25 10
71 0
30 25
15 2
76 4
34 4
30 11
40 24
43 21
71 7
47 0
78 10
33 4
18 17
10 2
80 3
67 8
17 6
10 5
75 10
52 9
79 13
74 13
52 7
3 24
53 20
27 1
27 5
37 0
21 7
18 13
26 13
47 15
38 24
78 16
2 4
38 25
65 10
14 7
9 15
68 17
56 1
46 6
56 19
35 19
67 19
69 7
57 24
44 3
46 13
70 10
29 10
50 6
36 20
58 3
63 8
7 9
73 13
12 21
55 14
15 17
0 8
78 12
25 24
79 22
35 3
50 2
29 8
44 10
39 10
72 22
5 2
14 8
18 2
61 17
38 12
64 23
69 3
23 14
66 5
37 12
3 15
61 16
76 6
0 13
40 14
66 15
73 17
65 20
53 10
67 21
63 10
53 12
40 19
28 11
35 16
63 16
29 9
51 11
46 19
0 16
9 7
31 25
63 24
75 22
17 18
48 24
66 10
35 10
6 14
34 9
73 3
7 23
37 14
28 5
22 11
69 16
0 6
24 25
58 0
66 14
75 0
4 25
29 20
6 13
62 12
49 2
40 23
61 20
30 24
65 3
45 3
13 9
70 17
2 0
19 3
0 19
70 23
0 8
58 22
66 15
63 6
60 18
1 6
38 16
15 24
56 22
40 21
63 14
33 15
65 23
33 17
23 9
12 15
80 18
57 6
13 8
29 1
39 19
66 17
14 18
3 16
37 8
55 17
69 20
31 16
55 21
69 4
63 1
74 0
32 10
55 17
73 8
61 23
20 1
60 19
9 5
6 19
27 23
20 23
68 18
49 0
36 12
55 9
69 12
27 18
27 24
45 24
9 1
24 10
19 1
17 7
65 7
39 17
30 12
68 0
35 17
70 18
57 20
46 1
14 5
48 25
58 9
59 2
12 23
24 19
34 10
11 5
3 22
38 12
28 4
52 15
52 1
1 8
66 7
58 8
54 17
76 15
20 1
13 8
53 5
11 25
47 7
80 16
74 23
23 23
69 17
32 9
59 3
76 1
78 19
69 7
46 7
50 4
32 23
28 25
43 4
15 14
20 6
62 20
63 4
17 6
22 24
27 8
20 1
44 22
5 12
18 7
30 6
76 22
34 1
24 13
79 23
72 19
62 5
0 2
23 11
46 14
59 11
20 11
4 23
63 6
67 2
50 21
70 20
17 13
29 3
45 15
39 11
57 11
18 13
58 2
28 8
54 13
12 25
35 0
21 17
49 11
63 16
30 13
10 24
65 17
1 6
17 1
65 18
10 5
43 25
43 13
14 8
74 11
22 21
62 10
21 5
3 9
14 15
27 5
38 18
8 11
1 21
70 21
79 13
53 5
28 19
44 6
21 23
55 8
45 15
48 3
61 8
9 12
6 22
71 20
44 25
42 17
59 17
53 0
27 17
69 7
10 10
33 8
30 10
34 21
24 9
67 23
56 19
73 0
28 18
75 11
21 15
41 21
26 1
22 23
38 20
25 0
8 23
25 22
45 1
48 5
43 15
74 15
25 0
40 19
48 20
75 8
65 5
45 0
59 16
72 24
22 10
50 13
23 17
78 8
11 2
57 12
8 4
67 5
13 17
1 6
18 6
69 25
53 11
13 1
55 13
22 18
74 0
37 15
38 12
48 2
60 12
21 6
51 7
4 22
2 3
51 16
34 13
17 23
44 21
72 10
55 3
54 24
68 25
38 20
19 13
0 23
20 6
69 18
40 18
52 23
1 18
43 19
13 14
3 21
42 19
23 2
2 10
72 13
64 14
31 5
77 10
38 13
68 6
3 22
73 11
11 21
38 17
77 25
16 16
74 18
73 15
80 23
64 15
20 12
61 24
76 16
60 4
68 24
79 7
37 7
64 1
52 6
6 2
11 12
3 12
76 14
23 14
49 7
65 9
50 2
2 6
72 13
43 6
39 8
31 1
62 4
73 9
63 25
60 1
30 2
1 6
60 14
44 20
67 6
57 22
31 18
16 10
4 25
2 10
25 22
7 2
52 12
62 18
58 24
55 12
79 4
17 11
40 1
67 9
28 14
74 15
38 21
9 9
20 19
57 23
59 1
31 25
65 17
55 21
10 5
33 6
24 21
40 0
72 16
48 5
72 14
51 11
27 4
73 24
28 7
67 10
58 12
69 1
80 1
60 21
20 2
55 2
58 20
44 6
12 23
44 5
19 7
66 19
77 13
79 21
20 16
37 24
61 22
29 18
79 10
65 4
65 25
45 18
52 13
62 25
4 19
57 2
12 12
18 5
68 22
4 15
71 13
33 24
71 4
4 2
48 7
41 21
9 11
31 16
42 0
32 7
69 2
27 14
39 11
33 24
5 10
8 22
15 9
23 6
52 10
27 8
54 23
25 3
77 4
63 9
67 0
35 19
32 2
2 4
6 4
54 14
15 11
31 25
13 5
39 4
10 21
76 13
6 0
31 21
56 3
52 7
4 23
53 9
3 1
49 11
67 9
10 24
25 10
36 8
68 18
14 10
77 20
68 14
57 4
60 1
15 8
13 17
60 17
50 12
53 11
16 19
52 7
52 12
8 23
8 4
20 6
24 24
22 21
25 7
41 12
13 9
70 23
64 20
38 1
53 23
53 22
19 10
39 25
73 22
57 18
36 15
40 21
49 7
61 16
72 11
36 19
15 18
53 6
23 16
66 8
74 19
80 1
31 15
27 0
27 8
69 21
72 18
55 3
49 10
51 0
34 19
41 11
11 12
1 23
53 7
35 13
24 18
11 25
51 11
15 18
14 10
61 6
7 11
77 12
48 12
50 0
0 18
60 17
13 11
78 12
18 16
78 8
38 18
9 17
18 24
8 25
33 1
16 6
80 17
39 21
51 7
1 20
3 21
14 5
11 18
2 21
46 13
9 25
74 4
36 10
55 1
13 11
68 17
37 6
66 5
39 21
49 23
50 16
16 11
75 11
60 24
22 24
46 17
48 12
71 23
17 14
68 15
36 8
4 1
31 19
7 17
15 20
11 22
61 0
36 22
9 13
35 2
23 22
30 18
13 11
31 2
1 16
65 7
9 15
29 10
27 13
47 18
71 16
52 2
25 14
1 7
70 3
38 15
15 25
33 4
49 3
21 11
79 10
74 19
27 19
75 8
15 10
32 20
69 0
27 22
54 1
33 20
32 18
69 5
53 18
32 12
60 13
6 23
63 17
70 15
24 1
52 19
29 11
70 7
35 3
15 24
62 11
37 10
74 6
32 4
69 16
26 1
34 4
18 25
49 13
47 6
19 9
18 4
67 20
51 14
80 24
79 12
6 21
17 25
53 13
55 1
42 14
38 3
43 9
69 11
15 1
22 1
33 5
10 9
6 20
50 19
75 25
20 0
46 10
4 9
73 22
7 24
73 8
32 21
78 24
73 15
64 15
38 7
10 21
50 15
8 23
0 1
53 14
25 13
63 16
49 8
79 6
60 5
63 0
75 7
54 12
6 1
15 18
76 3
56 0
59 11
37 21
23 12
52 11
23 7
62 1
66 10
16 10
47 18
37 24
16 11
50 5
72 23
58 24
61 17
39 7
23 25
19 9
17 23
31 7
5 3
9 10
70 5
77 17
25 18
64 9
50 4
67 25
50 15
18 4
20 22
70 21
72 16
3 11
68 5
31 6
26 4
76 13
22 3
52 0
35 21
13 24
68 8
27 9
26 25
7 7
4 17
22 11
74 7
0 4
39 3
16 3
40 1
72 12
63 13
56 1
17 2
37 6
69 13
15 13
68 10
19 10
7 20
12 14
42 3
65 22
60 8
34 14
67 19
12 11
36 16
47 3
57 25
10 6
72 10
39 6
64 12
8 21
43 0
79 10
54 22
53 24
40 9
53 15
26 15
34 19
49 16
64 5
60 10
11 22
39 12
30 3
48 9
54 25
70 23
22 17
5 14
22 25
76 17
45 2
64 10
78 23
70 15
70 22
76 14
0 8
36 4
0 5
35 13
36 10
68 25
47 21
19 18
76 18
40 16
64 14
65 11
44 15
9 12
29 9
57 5
59 23
68 20
47 10
22 21
37 21
39 17
38 25
36 3
36 1
72 13
5 3
58 5
38 14
43 3
69 17
16 8
73 1
5 14
25 2
69 16
24 4
9 8
44 22
63 4
9 1
13 13
10 14
54 20
45 22
47 10
79 8
32 13
49 13
61 16
36 11
58 17
5 12
26 4
36 24
7 13
66 24
46 18
59 8
47 15
17 14
80 24
31 16
2 15
38 25
69 0
24 5
14 0
30 24
80 8
68 5
80 6
76 1
58 3
57 13
13 11
24 24
63 8
61 10
51 23
53 10
45 18
12 22
25 5
33 24
23 23
35 11
74 22
33 23
35 16
69 24
71 13
21 11
20 1
66 6
39 3
67 23
31 13
31 11
0 5
70 24
51 19
77 0
3 7
55 5
70 0
5 24
1 14
5 17
79 15
24 8
56 10
19 19
7 6
28 18
73 8
77 17
62 21
13 24
29 21
59 19
35 0
17 16
49 14
16 10
67 5
80 14
9 5
50 9
60 13
39 2
36 8
36 23
56 22
69 23
50 6
6 15
66 6
19 19
39 24
56 13
77 3
57 10
33 14
21 7
55 23
17 16
70 10
51 17
55 14
68 6
28 16
62 21
1 6
8 18
20 15
7 1
61 13
21 2
79 18
78 6
42 23
0 0
12 0
27 2
24 10
1 0
71 13
31 20
23 10
63 12
24 20
39 6
78 9
45 10
5 10
7 3
14 23
31 17
5 6
72 12
32 0
18 21
25 23
3 24
13 3
24 20
65 3
40 12
45 15
39 22
51 21
40 25
65 5
70 14
16 9
16 7
8 17
33 0
42 1
30 22
39 15
57 0
57 20
22 7
64 2
79 15
37 13
49 0
71 25
3 11
70 6
55 2
67 19
41 14
14 21
45 9
27 0
7 4
60 5
40 9
19 15
0 11
9 10
28 13
13 8
39 14
17 25
21 17
21 10
41 2
58 7
23 9
8 9
46 22
35 7
29 13
57 19
45 20
74 23
16 2
53 7
68 0
11 5
34 25
29 20
35 23
30 1
66 25
38 17
22 13
6 7
52 19
26 3
53 21
79 19
12 8
55 18
61 10
26 25
15 1
33 22
25 23
12 2
72 9
29 20
32 0
59 23
47 7
39 5
31 6
17 3
60 1
67 13
76 0
19 15
7 3
73 15
17 17
67 20
66 0
3 13
11 1
22 7
1 8
69 10
66 13
23 16
3 7
78 9
8 21
11 23
15 16
56 21
21 13
79 23
35 10
79 12
59 23
27 24
20 11
31 23
6 19
54 6
50 3
18 23
1 13
3 4
8 1
69 6
47 9
77 17
7 8
80 7
36 13
28 19
14 5
26 25
25 15
48 9
50 22
5 17
35 7
61 25
77 4
62 14
28 18
72 17
54 14
12 11
49 13
40 2
15 11
15 17
58 14
7 20
57 24
16 3
17 2
73 8
33 20
7 6
61 20
57 23
50 5
65 9
42 3
63 17
16 0
63 1
41 15
77 19
4 25
48 16
14 14
66 18
54 24
62 20
4 13
6 19
70 10
48 8
45 7
76 15
56 2
13 24
74 12
62 21
32 19
45 11
16 23
55 23
36 20
2 14
38 11
40 2
73 12
34 14
9 14
45 12
53 22
58 5
19 13
73 1
78 2
51 18
17 25
34 6
2 16
28 21
26 18
16 3
62 24
41 4
51 5
75 5
49 19
7 15
63 19
41 22
45 3
53 12
11 11
62 7
15 0
44 19
76 4
20 12
79 11
25 5
44 2
13 4
49 9
15 16
70 22
41 1
38 3
60 20
79 11
16 4
19 14
54 10
54 8
36 5
51 20
49 14
28 19
14 3
20 9
18 25
72 5
50 24
46 9
25 12
57 22
0 8
3 1
4 21
72 9
32 18
26 24
34 2
46 9
49 7
51 16
55 25
19 19
26 3
17 12
2 9
30 6
20 16
79 12
28 21
3 2
39 22
17 25
8 14
62 22
75 3
34 6
28 0
29 2
72 16
26 3
70 3
3 20
62 9
78 22
36 6
45 25
70 24
77 6
18 15
40 17
29 19
63 8
20 8
57 15
31 25
26 3
6 9
66 6
15 6
37 14
44 21
75 4
40 14
62 2
56 19
32 0
75 11
36 7
59 2
63 5
51 25
15 14
13 16
66 5
74 7
33 24
10 2
53 10
7 22
31 4
54 13
9 18
35 0
51 14
32 8
9 13
21 24
34 13
77 7
17 20
11 1
28 15
74 16
23 4
12 6
5 4
49 5
25 5
35 19
11 22
11 2
21 21
53 14
5 9
42 18
16 21
66 10
25 7
78 22
33 14
80 15
49 1
18 4
56 16
24 4
21 24
11 4
65 0
0 21
53 15
20 1
80 18
57 18
70 22
48 2
49 7
52 6
28 20
44 14
1 22
13 7
67 21
69 10
31 18
21 8
25 19
64 13
68 16
27 16
9 10
31 14
44 20
80 22
11 17
68 10
3 6
76 15
18 15
1 11
52 3
13 24
52 18
5 2
3 9
2 7
55 1
18 10
70 3
52 15
29 0
57 20
45 24
29 22
27 15
51 23
22 3
19 23
67 10
23 20
73 7
68 6
61 6
22 17
23 1
2 22
78 9
79 14
34 18
71 8
48 4
2 7
79 9
64 0
42 23
78 10
64 14
56 11
0 11
78 8
42 23
27 15
31 9
65 13
39 25
62 16
78 25
62 0
41 24
73 8
79 12
69 18
5 22
16 5
55 9
2 6
28 19
43 4
50 23
48 10
51 20
6 21
76 19
58 9
52 19
35 9
75 13
2 10
12 17
67 6
43 20
37 4
45 6
31 6
13 24
4 21
66 22
51 9
44 10
1 15
16 8
4 2
53 16
67 0
38 25
62 20
68 19
44 20
79 19
34 0
7 17
12 8
78 16
3 2
27 0
7 21
1 21
13 21
78 14
70 1
42 13
4 9
35 8
69 17
37 7
78 25
77 8
13 7
8 2
55 6
32 19
52 1
76 2
79 8
18 3
3 22
64 17
34 23
54 23
18 8
72 12
10 1
71 10
50 2
17 0
60 14
27 0
54 6
73 16
41 17
24 11
43 20
67 11
38 20
35 21
63 2
15 17
63 17
41 13
27 25
30 17
13 2
26 8
35 7
68 14
41 12
48 16
66 25
15 14
42 22
10 20
77 8
24 21
47 12
1 11
35 2
52 2
56 7
2 10
39 21
56 17
43 18
3 2
51 15
38 8
57 6
56 12
33 5
17 15
79 19
7 2
23 12
13 0
66 1
53 2
53 16
39 12
75 17
9 7
0 15
26 19
75 14
51 23
11 22
76 6
16 24
79 15
46 3
5 17
70 18
77 8
5 5
18 0
64 4
67 24
19 22
31 11
70 20
75 2
30 7
42 18
21 2
36 4
17 22
42 2
72 24
17 8
7 0
79 2
3 10
56 21
75 8
28 20
0 8
12 8
53 10
3 15
75 15
64 4
38 13
60 23
62 21
17 10
33 12
68 4
28 24
63 24
76 16
77 18
47 25
27 23
66 2
48 4
63 5
68 5
68 18
79 10
9 23
24 25
79 21
75 6
13 19
56 10
35 11
76 21
51 0
8 11
75 0
25 7
14 4
77 25
9 1
39 13
30 2
28 18
4 8
32 3
59 6
44 13
67 7
8 10
77 0
48 16
32 22
31 15
19 25
2 9
30 2
46 22
59 18
60 9
10 25
34 5
6 6
0 18
68 16
20 10
12 0
37 8
68 3
80 6
72 19
38 9
77 3
45 18
14 13
35 24
0 21
19 12
0 24
19 15
38 20
20 10
49 12
72 14
19 9
31 3
65 21
20 3
41 14
67 25
39 16
71 11
63 20
6 18
8 24
80 24
80 2
77 17
37 4
52 11
64 22
65 21
38 1
69 2
77 14
62 6
14 15
4 3
65 18
17 5
58 6
41 16
78 16
23 1
52 11
76 10
1 23
45 13
12 16
23 16
38 5
65 19
48 9
40 12
59 5
79 1
2 8
45 20
17 13
16 4
72 22
48 21
55 16
78 25
71 6
8 12
45 16
31 8
69 6
21 25
38 0
55 23
76 0
38 15
71 18
53 4
56 13
75 10
70 4
31 21
38 22
30 9
78 17
1 14
67 2
75 10
19 16
58 1
13 13
6 10
28 2
53 0
26 23
63 24
73 13
16 3
42 25
58 8
59 4
17 16
16 1
50 15
41 12
39 13
16 13
61 21
25 12
19 3
70 21
44 9
34 13
67 18
34 11
22 11
15 23
42 11
34 16
80 15
5 23
34 24
25 1
34 13
59 14
39 20
11 17
10 20
27 25
59 2
26 12
58 25
76 14
43 11
58 23
17 14
77 3
79 16
46 14
41 8
68 24
38 19
62 0
79 12
68 16
31 10
15 19
20 10
70 15
69 21
8 4
0 23
41 10
53 13
63 24
79 7
15 2
27 14
13 0
6 22
33 1
24 9
59 9
49 6
11 14
10 10
31 8
49 1
26 18
0 6
47 11
28 13
45 12
20 9
42 3
76 13
63 21
1 12
37 19
4 7
16 19
2 18
10 12
63 18
26 1
45 2
29 19
51 10
4 10
32 25
65 7
47 5
80 7
9 21
53 20
31 10
63 13
23 20
55 7
69 17
52 8
73 24
25 24
32 9
3 2
0 21
61 20
48 19
29 21
16 3
32 21
75 17
72 0
49 13
17 19
53 23
63 6
56 9
30 13
61 1
13 18
25 1
73 9
6 6
39 17
73 21
42 12
45 7
67 7
64 7
50 7
44 13
35 15
45 17
24 9
25 6
30 6
50 12
45 3
54 23
20 24
73 25
55 23
52 16
13 9
50 6
50 18
34 21
52 23
14 18
49 20
19 23
69 17
20 12
67 15
42 0
65 18
73 8
22 14
11 5
60 4
76 3
55 7
59 6
57 17
23 0
48 12
16 3
10 21
43 4
46 19
26 5
47 23
50 6
40 10
37 18
58 12
49 9
6 15
34 9
17 8
49 21
29 15
36 4
78 13
69 7
36 22
26 1
26 10
66 19
27 19
50 25
39 25
41 0
69 19
0 4
76 25
61 16
57 12
33 9
52 5
72 19
22 10
1 25
24 13
42 7
10 25
61 9
48 21
68 4
37 24
18 11
7 0
36 13
22 14
66 24
26 1
9 12
38 7
77 7
71 23
50 3
1 22
41 2
64 4
51 19
31 7
26 6
72 3
68 15
78 4
64 19
29 12
11 18
58 20
56 24
34 25
75 23
72 25
0 16
10 3
51 17
69 8
79 17
18 2
13 15
8 4
20 3
23 23
58 8
30 6
6 9
66 7
46 12
68 19
63 7
47 8
0 17
39 9
16 14
79 11
32 16
47 17
29 11
49 8
34 20
26 2
20 0
79 6
33 5
41 20
53 8
19 4
56 20
34 25
19 22
7 7
25 8
65 20
48 21
74 11
49 20
80 24
49 4
70 20
8 23
6 23
61 23
12 17
36 13
29 21
52 6
43 12
38 15
58 23
57 10
64 14
30 14
25 13
68 1
35 14
9 17
20 25
35 1
37 12
63 20
40 19
21 10
25 11
16 20
62 13
56 5
71 18
52 17
61 21
75 18
58 20
53 1
21 3
31 20
24 24
79 21
46 19
16 23
35 7
50 18
79 8
72 2
67 13
8 3
29 23
10 5
62 12
60 2
70 15
44 23
68 0
9 9
71 25
68 5
78 19
51 14
71 2
71 25
27 8
17 8
51 24
77 12
51 5
13 4
30 19
11 5
25 9
5 13
16 20
70 18
1 8
73 21
42 22
43 12
10 1
17 2
53 10
18 8
35 5
38 0
49 4
55 10
75 6
36 20
72 15
19 17
55 2
73 15
40 18
79 7
77 9
12 17
3 20
4 13
25 10
2 22
76 14
78 1
78 16
57 2
66 1
14 7
10 18
70 6
77 24
55 25
48 14
68 16
73 21
65 17
35 10
78 7
19 21
5 17
59 2
2 20
29 23
17 16
43 16
66 14
42 0
27 24
71 12
69 0
75 9
11 8
80 9
16 8
76 23
27 16
45 24
32 14
38 4
12 19
9 24
45 18
33 12
76 13
52 20
46 7
24 10
0 24
18 4
33 9
0 1
33 6
65 2
46 14
48 22
4 14
10 6
55 10
27 4
62 1
63 18
13 6
61 2
49 23
32 11
7 5
73 15
16 19
70 1
9 9
60 6
24 20
68 0
44 14
43 25
31 16
16 3
44 4
43 22
37 11
64 6
39 3
54 25
74 6
14 3
27 23
34 20
42 6
45 4
24 17
65 24
51 8
67 16
37 18
36 2
28 20
60 13
52 19
68 23
2 19
15 5
29 13
57 24
53 13
52 12
70 14
36 8
49 4
53 10
30 23
64 12
27 24
49 18
30 1
39 3
23 5
32 19
5 25
13 13
73 4
36 5
78 12
26 12
59 0
55 9
48 6
36 20
62 24
62 1
22 13
18 16
61 11
25 1
10 12
74 9
60 15
30 9
7 1
63 24
56 17
76 0
13 15
63 25
22 18
51 7
59 25
17 14
61 6
40 23
79 14
50 13
77 3
70 15
40 8
61 11
35 21
40 13
76 5
57 4
62 25
55 23
74 19
8 3
70 5
42 21
72 5
36 3
46 2
31 5
20 19
54 20
17 1
37 18
43 21
55 16
34 12
29 1
62 10
7 21
0 23
0 0
68 22
9 15
76 16
35 4
14 6
40 0
44 23
76 3
29 13
54 20
58 20
17 13
0 2
76 5
25 20
48 6
52 6
70 10
54 19
43 1
73 0
60 8
21 19
9 23
49 19
15 4
34 13
62 18
10 5
73 1
20 6
78 1
71 16
39 4
53 11
19 4
67 20
35 24
34 25
14 22
18 11
22 14
44 0
48 19
36 18
62 4
44 14
66 14
72 14
20 18
5 16
12 10
9 16
10 10
34 19
27 11
79 24
41 22
33 15
25 10
1 22
71 18
17 23
74 14
67 2
1 1
29 0
72 9
60 1
75 9
72 5
70 19
32 23
79 2
50 14
44 1
55 8
7 21
43 9
0 12
50 15
13 7
21 9
8 7
35 23
37 14
62 11
2 15
64 13
26 11
4 0
78 20
7 5
64 23
7 24
72 10
76 25
45 17
66 6
38 1
58 13
71 25
22 10
13 10
19 6
57 7
69 25
23 7
52 0
73 12
59 12
33 4
25 10
53 17
24 4
59 6
73 15
70 17
72 22
48 7
51 1
66 3
39 12
18 25
44 17
72 5
48 22
35 3
77 13
34 22
25 12
49 0
5 6
53 24
33 16
59 24
50 8
73 17
52 8
44 23
61 13
59 24
8 20
68 10
77 9
26 0
56 15
72 7
6 0
79 4
72 10
78 20
51 19
57 18
29 7
4 18
3 6
76 16
75 21
46 17
9 11
33 0
49 17
30 14
47 20
11 25
52 18
60 23
73 12
42 7
72 1
44 20
76 0
45 13
7 14
47 9
3 14
18 24
38 21
74 25
2 24
76 1
26 0
43 25
33 2
13 11
66 5
74 2
63 7
14 20
66 10
69 12
11 0
69 0
79 3
31 10
47 5
58 6
65 19
69 10
77 15
0 14
79 5
2 8
51 2
73 0
54 17
33 20
46 11
74 15
11 13
55 8
22 18
29 17
23 4
18 5
6 7
73 1
40 12
64 20
33 19
30 19
37 16
24 14
23 23
46 5
16 20
60 22
70 0
21 12
18 13
18 1
11 25
23 13
65 7
15 11
61 0
62 19
24 10
50 22
2 24
39 14
58 19
42 22
73 2
30 0
30 21
36 7
19 22
8 20
46 22
14 23
10 1
63 0
45 2
38 9
24 10
71 12
43 1
2 18
58 7
13 20
60 4
42 23
25 14
66 18
62 8
62 13
60 10
52 14
75 15
80 9
32 15
39 25
60 6
23 15
36 9
51 12
52 10
9 14
2 0
36 10
53 17
1 4
49 2
12 17
27 22
31 21
33 5
48 5
61 20
28 6
78 13
24 23
55 10
73 15
69 16
43 1
62 21
80 12
41 11
46 18
1 15
67 11
14 10
80 13
19 1
26 2
77 9
19 1
57 23
51 23
3 7
12 3
74 16
65 18
2 7
60 7
39 13
47 11
29 15
3 7
11 9
26 5
72 21
4 0
71 12
3 4
50 2
72 2
16 20
47 18
40 20
2 1
43 5
73 21
29 20
47 5
57 22
40 9
0 8
68 3
51 18
74 17
33 20
73 18
0 25
41 3
5 15
25 23
19 4
8 5
31 6
2 1
37 18
2 23
25 18
23 21
54 1
7 7
80 7
67 21
78 19
62 4
51 16
2 22
75 20
41 20
34 19
24 19
15 21
10 24
50 2
46 17
0 21
31 16
60 3
71 11
3 13
48 17
72 10
10 3
22 9
39 13
19 11
70 9
79 4
5 3
42 5
33 11
72 8
56 25
66 2
63 19
36 18
21 4
27 16
6 25
14 3
34 25
29 21
59 5
16 14
8 21
30 25
4 2
74 17
76 4
12 11
64 0
56 13
4 24
16 15
74 25
67 4
62 10
11 22
33 17
39 17
44 2
26 22
23 16
71 0
4 21
37 21
57 21
45 4
24 18
43 24
15 18
57 14
77 17
55 23
76 6
61 4
60 15
24 18
34 8
76 6
0 3
20 8
67 19
8 18
28 1
12 17
77 0
48 5
38 8
69 19
76 19
18 15
4 17
1 20
24 14
38 7
64 25
64 9
3 15
55 4
48 3
53 6
68 22
41 24
70 14
28 14
40 0
30 9
73 7
78 17
24 21
13 24
38 22
13 22
56 7
74 10
37 19
35 13
0 8
63 12
53 5
49 22
23 1
80 20
57 1
34 11
26 22
79 23
8 0
15 1
58 0
58 5
31 9
51 19
6 18
2 14
37 21
70 18
38 1
8 5
76 9
35 14
67 13
14 19
63 5
40 17
45 25
23 7
70 3
17 14
24 11
9 16
69 14
11 11
63 10
3 18
7 2
67 23
61 20
21 0
51 25
40 20
15 16
6 7
32 21
72 1
31 2
17 5
41 5
18 22
35 14
34 10
57 23
18 18
51 22
4 2
66 12
30 23
10 13
68 18
42 22
15 18
49 11
63 18
8 8
56 4
18 5
12 5
25 0
3 18
38 0
52 8
43 13
7 23
32 10
51 25
68 9
29 9
62 9
44 8
26 24
74 0
36 3
31 1
43 10
34 24
68 19
32 24
1 13
32 2
48 4
60 9
75 2
41 9
15 23
41 7
74 24
1 9
76 7
48 17
79 16
29 24
68 18
77 1
40 17
68 6
64 22
64 5
36 11
38 9
60 6
78 16
54 19
75 16
6 22
41 20
23 24
46 14
8 16
21 19
21 18
57 11
52 17
51 15
3 12
71 12
65 21
39 11
29 11
27 16
60 2
12 25
13 5
47 2
61 14
43 23
53 2
8 4
25 25
36 14
35 24
12 5
24 3
76 13
68 21
60 17
31 10
65 20
26 0
57 7
42 12
21 11
0 22
72 11
39 7
54 1
28 5
37 11
55 21
36 18
78 7
32 8
78 11
5 14
40 13
2 6
48 18
17 2
55 21
60 14
32 7
0 0
44 6
66 14
77 20
34 20
51 22
29 17
78 23
65 17
38 16
33 12
60 17
37 13
10 8
6 7
65 19
38 3
66 22
76 5
49 24
47 7
61 9
36 3
33 18
11 7
4 22
39 23
19 24
26 6
60 12
10 19
0 18
29 2
80 8
32 15
57 13
72 19
25 3
21 14
70 24
42 14
7 10
57 23
72 4
36 22
3 24
71 14
64 8
17 12
74 16
40 4
67 19
49 16
23 6
17 6
33 20
51 13
36 0
21 4
5 9
58 17
41 3
10 15
44 21
73 20
40 13
27 25
6 4
22 6
55 8
37 22
53 16
38 2
2 6
13 22
49 11
25 25
54 1
33 8
12 19
43 11
51 5
64 7
7 8
59 22
46 21
76 11
62 0
25 3
63 5
13 14
77 17
57 25
9 10
8 12
0 15
42 17
23 19
44 23
4 0
4 15
3 17
33 13
33 16
56 11
52 19
67 4
2 9
51 20
35 13
24 6
4 6
46 18
35 18
1 24
53 4
53 14
14 15
31 24
66 8
37 15
51 7
40 2
23 1
10 11
20 9
74 6
64 14
51 18
7 10
37 25
12 23
15 16
11 22
11 1
57 2
57 5
63 25
21 2
61 11
40 20
18 16
52 11
17 15
79 16
23 20
69 1
23 10
48 20
9 13
61 13
29 1
67 19
10 13
4 9
77 6
26 18
5 15
76 6
70 16
10 10
10 11
0 12
30 2
10 18
24 3
8 11
47 14
42 14
63 10
42 12
77 13
39 22
38 6
5 12
66 1
72 23
55 15
38 1
19 13
21 3
76 1
66 8
59 1
58 24
69 16
